        1111111111111111111111111
        1000000000110000000000001
        1011000001110000000000001
        1001000000000000000000001
111111111011000001110000000000001
100000000011000001110111111111111
11110111111111011100000010001
11110111111111011101010010001
11000000110101011100000010001
10000000000000001100000010001
10000000000000001101010010001
1100000111010101111101111000111
11110111 1110101 101111010001
11111111 1111111 111111111111
        1111111111111111111111111
        1000000000110000000000001
        1011000001110000000000001
        1001000000000000000000001
111111111011000001110000000000001
100000000011000001110111111111111
111101111111110111000000100000001
111101111111110111010100100000001
110000001101010111000000100000001
100000000000000011000000100000001
100000000000000011010100100000001
110000011101010111110111100000111
11110111 1110101 1011110100011111
11111111 1111111 1111111111111111
        1111111111111111111111111
        1000000000110000000000001
        1011000001110000000000001
        1001000000000000000000001
111111111011000001110000000000001
100000000011000001110111111111111
111101111111110111000000100000001
111101111111110111010100100000001
110000001101010111000000100000001
100000000000000011000000100000001
100000000000000011010100100000001
110000011101010111110111100000001
11110111 1110101 1011110100000001
11111111 1111111 1111111111111111
        1111111111111111111111111
        1000000000110000000000001
        1011000001110000000000001
        1001000000000000000000001
111111111011000001110000000000001
100000000011000001110111111111111
111101111111110111000000100011111
111101111111110111010100100011111
110000001101010111000000100011111
100000000000000011000000100011111
100000000000000011010100100011111
110000011101010111110111100011111
11110111 1110101 1011110100011111
11111111 1111111 1111111111111111
        1111111111111111111111111
        1000000000110000000000001
        1011000001110000000000001
        1001000000000000000000001
111111111011000001110000000000001
100000000000000001110111111111111
111101100000110111000000100011111
111101101100110111010100100011111
110000000101010111000000100011111
100000000000000011000000100011111
100000000000000011010100100011111
110000011101010111110111100011111
11110111 1110101 1011110100011111
11111111 1111111 1111111111111111
        1111111111111111111111111
        1000000000110000000000001
        1011000001110000000000001
        1001000000000000000000001
111111111011000001110000000000001
100000000000000001110111111111111
111101100000110111000000100011111
111101101100110111010100100011111
110000000101010111000000100011111
100000000000000011000000100011111
100000000000000011010100100011111
110000011101010111110111100011111
11110111 1110101 1011110100011111
11111111 1111111 1111111111111111
        1111111111111111111111111
        1000000000110000000000001
        1011000001110000000000001
        1001000000000000000000001
111111111011000001110000000000001
100000000000000001110111111111111
111101100000110111000000100011111
111101101100110111010100100011111
110000000101010111000000100011111
100000000000000011000000100011111
100000000000000011010100100011111
110000011101010111110111100011111
11110111 1110101 1011110100011111
11111111 1111111 1111111111111111
        1111111111111111111111111
        1000000000110000000000001
        1011000001110000000000001
        1001000000000000000000001
111111111011000001110000000000001
100000000000000001110111111111111
111101100000110111000000100011111
111101101100110111010100100011111
110000000101010111000000100011111
100000000000000011000000100011111
100000000000000011010100100011111
110000011101010111110111100011111
11110111 1110101 1011110100011111
11111111 1111111 1111111111111111
        1111111111111111111111111
        1000000000110000000000001
        1011000001110000000000001
        1001000000000000000000001
111111111011000001110000000000001
100000000000000001110111111111111
111101100000110111000000100011111
111101101100110111010100100011111
110000000101010111000000100011111
100000000000000011000000100011111
100000000000000011010100100011111
110000011101010111110111100011111
11110111 1110101 1011110100011111
11111111 1111111 1111111111111111
        1111111111111111111111111
        1000000000110000000000001
        1011000001110000000000001
        1001000000000000000000001
111111111011000001110000000000001
100000000000000001110111111111111
111101100000110111000000100011111
111101101100110111010100100011111
110000000101010111000000100011111
100000000000000011000000100011111
100000000000000011010100100011111
110000011101010111110111100011111
11110111 1110101 1011110100011111
11111111 1111111 1111111111111111
        1111111111111111111111111
        1000000000110000000000001
        1011000001110000000000001
        1001000000000000000000001
111111111011000001110000000000001
100000000000000001110111111111111
111101100000110111000000100011111
111101101100110111010100100011111
110000000101010111000000100011111
100000000000000011000000100011111
100000000000000011010100100011111
110000011101010111110111100011111
11110111 1110101 1011110100011111
11111111 1111111 1111111111111111
        1111111111111111111111111
        1000000000110000000000001
        1011000001110000000000001
        1001000000000000000000001
111111111011000001110000000000001
100000000000000001110111111111111
111101100000110111000000100011111
111101101100110111010100100011111
110000000101010111000000100011111
100000000000000011000000100011111
100000000000000011010100100011111
110000011101010111110111100011111
11110111 1110101 1011110100011111
11111111 1111111 1111111111111111
        1111111111111111111111111
        1000000000110000000000001
        1011000001110000000000001
        1001000000000000000000001
111111111011000001110000000000001
100000000000000001110111111111111
111101100000110111000000100011111
111101101100110111010100100011111
110000000101010111000000100011111
100000000000000011000000100011111
100000000000000011010100100011111
110000011101010111110111100011111
11110111 1110101 1011110100011111
11111111 1111111 1111111111111111
        1111111111111111111111111
        1000000000110000000000001
        1011000001110000000000001
        1001000000000000000000001
111111111011000001110000000000001
100000000000000001110111111111111
111101100000110111000000100011111
111101101100110111010100100011111
110000000101010111000000100011111
100000000000000011000000100011111
100000000000000011010100100011111
110000011101010111110111100011111
11110111 1110101 1011110100011111
11111111 1111111 1111111111111111
        1111111111111111111111111
        1000000000110000000000001
        1011000001110000000000001
        1001000000000000000000001
111111111011000001110000000000001
100000000000000001110111111111111
111101100000110111000000100011111
111101101100110111010100100011111
110000000101010111000000100011111
100000000000000011000000100011111
100000000000000011010100100011111
110000011101010111110111100011111
11110111 1110101 1011110100011111
11111111 1111111 1111111111111111
        1111111111111111111111111
        1000000000110000000000001
        1011000001110000000000001
        1001000000000000000000001
111111111011000001110000000000001
100000000000000001110111111111111
111101100000110111000000100011111
111101101100110111010100100011111
110000000101010111000000100011111
100000000000000011000000100011111
100000000000000011010100100011111
110000011101010111110111100011111
11110111 1110101 1011110100011111
11111111 1111111 1111111111111111
        1111111111111111111111111
        1000000000110000000000001
        1011000001110000000000001
        1001000000000000000000001
111111111011000001110000000000001
100000000000000001110111111111111
111101100000110111000000100011111
111101101100110111010100100011111
110000000101010111000000100011111
100000000000000011000000100011111
100000000000000011010100100011111
110000011101010111110111100011111
11110111 1110101 1011110100011111
11111111 1111111 1111111111111111
        1111111111111111111111111
        1000000000110000000000001
        1011000001110000000000001
        1001000000000000000000001
111111111011000001110000000000001
100000000000000001110111111111111
111101100000110111000000100011111
111101101100110111010100100011111
110000000101010111000000100011111
100000000000000011000000100011111
100000000000000011010100100011111
110000011101010111110111100011111
11110111 1110101 1011110100011111
11111111 1111111 1111111111111111
        1111111111111111111111111
        1000000000110000000000001
        1011000001110000000000001
        1001000000000000000000001
111111111011000001110000000000001
100000000000000001110111111111111
111101100000110111000000100011111
111101101100110111010100100011111
110000000101010111000000100011111
100000000000000011000000100011111
100000000000000011010100100011111
110000011101010111110111100011111
11110111 1110101 1011110100011111
11111111 1111111 1111111111111111
        1111111111111111111111111
        1000000000110000000000001
        1011000001110000000000001
        1001000000000000000000001
111111111011000001110000000000001
100000000000000001110111111111111
111101100000110111000000100011111
111101101100110111010100100011111
110000000101010111000000100011111
100000000000000011000000100011111
100000000000000011010100100011111
110000011101010111110111100011111
11110111 1110101 1011110100011111
11111111 1111111 1111111111111111
        1111111111111111111111111
        1000000000110000000000001
        1011000001110000000000001
        1001000000000000000000001
111111111011000001110000000000001
100000000000000001110111111111111
111101100000110111000000100011111
111101101100110111010100100011111
110000000101010111000000100011111
100000000000000011000000100011111
100000000000000011010100100011111
110000011101010111110111100011111
11110111 1110101 1011110100011111
11111111 1111111 1111111111111111
        1111111111111111111111111
        1000000000110000000000001
        1011000001110000000000001
        1001000000000000000000001
111111111011000001110000000000001
100000000000000001110111111111111
111101100000110111000000100011111
111101101100110111010100100011111
110000000101010111000000100011111
100000000000000011000000100011111
100000000000000011010100100011111
110000011101010111110111100011111
11110111 1110101 1011110100011111
11111111 1111111 1111111111111111
        1111111111111111111111111
        1000000000110000000000001
        1011000001110000000000001
        1001000000000000000000001
111111111011000001110000000000001
100000000000000001110111111111111
111101100000110111000000100011111
111101101100110111010100100011111
110000000101010111000000100011111
100000000000000011000000100011111
100000000000000011010100100011111
110000011101010111110111100011111
11110111 1110101 1011110100011111
11111111 1111111 1111111111111111
        1111111111111111111111111
        1000000000110000000000001
        1011000001110000000000001
        1001000000000000000000001
111111111011000001110000000000001
100000000000000001110111111111111
111101100000110111000000100011111
111101101100110111010100100011111
110000000101010111000000100011111
100000000000000011000000100011111
100000000000000011010100100011111
110000011101010111110111100011111
11110111 1110101 1011110100011111
11111111 1111111 1111111111111111
        1111111111111111111111111
        1000000000110000000000001
        1011000001110000000000001
        1001000000000000000000001
111111111011000001110000000000001
100000000000000001110111111111111
111101100000110111000000100011111
111101101100110111010100100011111
110000000101010111000000100011111
100000000000000011000000100011111
100000000000000011010100100011111
110000011101010111110111100011111
11110111 1110101 1011110100011111
11111111 1111111 1111111111111111
        1111111111111111111111111
        1000000000110000000000001
        1011000001110000000000001
        1001000000000000000000001
111111111011000001110000000000001
100000000000000001110111111111111
111101100000110111000000100011111
111101101100110111010100100011111
110000000101010111000000100011111
100000000000000011000000100011111
100000000000000011010100100011111
110000011101010111110111100011111
11110111 1110101 1011110100011111
11111111 1111111 1111111111111111
        1111111111111111111111111
        1000000000110000000000001
        1011000001110000000000001
        1001000000000000000000001
111111111011000001110000000000001
100000000000000001110111111111111
111101100000110111000000100011111
111101101100110111010100100011111
110000000101010111000000100011111
100000000000000011000000100011111
100000000000000011010100100011111
110000011101010111110111100011111
11110111 1110101 1011110100011111
11111111 1111111 1111111111111111
        1111111111111111111111111
        1000000000110000000000001
        1011000001110000000000001
        1001000000000000000000001
111111111011000001110000000000001
100000000000000001110111111111111
111101100000110111000000100011111
111101101100110111010100100011111
110000000101010111000000100011111
100000000000000011000000100011111
100000000000000011010100100011111
110000011101010111110111100011111
11110111 1110101 1011110100011111
11111111 1111111 1111111111111111
        1111111111111111111111111
        1000000000110000000000001
        1011000001110000000000001
        1001000000000000000000001
111111111011000001110000000000001
100000000000000001110111111111111
111101100000110111000000100011111
111101101100110111010100100011111
110000000101010111000000100011111
100000000000000011000000100011111
100000000000000011010100100011111
110000011101010111110111100011111
11110111 1110101 1011110100011111
11111111 1111111 1111111111111111
        1111111111111111111111111
        1000000000110000000000001
        1011000001110000000000001
        1001000000000000000000001
111111111011000001110000000000001
100000000000000001110111111111111
111101100000110111000000100011111
111101101100110111010100100011111
110000000101010111000000100011111
100000000000000011000000100011111
100000000000000011010100100011111
110000011101010111110111100011111
11110111 1110101 1011110100011111
11111111 1111111 1111111111111111
        1111111111111111111111111
        1000000000110000000000001
        1011000001110000000000001
        1001000000000000000000001
111111111011000001110000000000001
100000000000000001110111111111111
111101100000110111000000100011111
111101101100110111010100100011111
110000000101010111000000100011111
100000000000000011000000100011111
100000000000000011010100100011111
110000011101010111110111100011111
11110111 1110101 1011110100011111
11111111 1111111 1111111111111111
        1111111111111111111111111
        1000000000110000000000001
        1011000001110000000000001
        1001000000000000000000001
111111111011000001110000000000001
100000000000000001110111111111111
111101100000110111000000100011111
111101101100110111010100100011111
110000000101010111000000100011111
100000000000000011000000100011111
100000000000000011010100100011111
110000011101010111110111100011111
11110111 1110101 1011110100011111
11111111 1111111 1111111111111111
